10;0
15688;1
30635;2
44850;3
59754;4
75473;5
90522;6
105147;7
115944;8
126406;9
136786;10
150308;11
166071;12
182408;13
199095;14
216047;15
233492;16
251518;17
267634;18
292104;19
309315;20
326925;21
343754;22
361541;23
378959;24
397612;25
414254;26
430034;27
448890;28
467097;29
484644;30
501709;31
518953;32
535872;33
554801;34
573500;35
591668;36
609940;37
627386;38
645857;39
665524;40
682930;41
705720;42
724619;43
742877;44
759893;45
776826;46
789970;47
804465;48
817224;49
830672;50
845372;51
863020;52
881665;53
899415;54
917696;55
936360;56
953884;57
973847;58
993078;59
1012204;60
1030577;61
1050154;62
1069630;63
1088519;64
1107744;65
1126878;66
1146819;67
1165553;68
1186181;69
1206172;70
1225135;71
1245106;72
1265482;73
1284730;74
1302179;75
1318975;76
1335446;77
1356587;78
1380898;79
1404892;80
1426440;81
1447096;82
1468487;83
1492288;84
1515858;85
1540881;86
1563436;87
1584991;88
1605256;89
1626254;90
1647426;91
1666944;92
1687711;93
1707987;94
1729412;95
1748475;96
1770672;97
1790533;98
1811793;99
1831411;100
1851714;101
1873221;102
1896067;103
1917067;104
1939537;105
1961215;106
1982839;107
2002243;108
2023643;109
2042148;110
2062576;111
2083793;112
2108370;113
2128546;114
2146795;115
2167256;116
2189105;117
2211353;118
2233374;119
2255138;120
2276999;121
2299119;122
2321142;123
2342869;124
2365572;125
2388140;126
2409720;127
2431862;128
2452866;129
2476826;130
2500240;131
2522718;132
2547650;133
2572781;134
2594882;135
2617261;136
2640686;137
2664270;138
2687566;139
2711160;140
2730149;141
2750872;142
2766573;143
2786102;144
2807706;145
2829312;146
2853034;147
2877732;148
2902935;149
2927109;150
2954850;151
2981561;152
3007949;153
3033366;154
3057458;155
3081668;156
3105433;157
3130338;158
3155159;159
3181058;160
3204893;161
3229906;162
3253339;163
3277663;164
3304488;165
3330743;166
3359683;167
3388736;168
3418118;169
3446768;170
3473653;171
3499928;172
3524897;173
3547423;174
3571509;175
3596347;176
3622099;177
3646234;178
3670593;179
3697085;180
3724194;181
3749578;182
3776742;183
3807509;184
3835894;185
3863163;186
3890383;187
3921238;188
3951234;189
3979473;190
4009272;191
4038211;192
4067037;193
4097210;194
4125775;195
4153215;196
4182059;197
4211773;198
4241488;199
4269196;200
4297633;201
4325674;202
4354367;203
4383749;204
4414023;205
4442542;206
4470006;207
4500021;208
4529249;209
4559621;210
4588226;211
4614732;212
4645540;213
4675437;214
4704700;215
4738588;216
4767315;217
4798946;218
4836903;219
4865857;220
4897054;221
4926486;222
4955409;223
4983597;224
5015285;225
5048108;226
5076657;227
5105242;228
5136288;229
5167438;230
5196860;231
5228476;232
5260623;233
5290390;234
5318901;235
5348659;236
5380318;237
5409748;238
5436808;239
5467164;240
5498553;241
5525148;242
5553361;243
5581376;244
5608690;245
5636370;246
5666317;247
5695592;248
5723566;249
5752437;250
5781962;251
5806580;252
5829655;253
5857201;254
5884753;255
5915670;256
5944960;257
5973512;258
6000491;259
6031362;260
6060568;261
6089403;262
6118612;263
6150335;264
6178705;265
6210309;266
6242329;267
6273058;268
6311333;269
6347383;270
6391464;271
6434672;272
6476887;273
6516525;274
6552757;275
6588792;276
6631478;277
6679344;278
6711634;279
6739564;280
6771876;281
6805617;282
6833780;283
6866515;284
6898175;285
6928790;286
6962578;287
6997751;288
7031829;289
7073214;290
7109994;291
7141631;292
7175431;293
7207464;294
7231175;295
7258552;296
7291478;297
7331215;298
7364866;299
7399247;300
7433561;301
7465284;302
7500702;303
7536517;304
7577865;305
7614186;306
7652196;307
7687967;308
7725925;309
7762693;310
7799205;311
7837728;312
7873239;313
7905252;314
7937753;315
7972716;316
8004406;317
8038845;318
8078437;319
8111411;320
8141860;321
8178440;322
8219676;323
8253773;324
8292955;325
8330590;326
8358630;327
8387830;328
8425635;329
8464109;330
8491343;331
8528188;332
8564804;333
8600803;334
8632578;335
8664803;336
8696633;337
8732525;338
8769366;339
8806888;340
8844527;341
8883455;342
8918351;343
8951713;344
8987174;345
9022565;346
9056042;347
9093590;348
9132917;349
9175221;350
9220207;351
9265747;352
9306030;353
9345002;354
9386705;355
9425212;356
9460138;357
9496111;358
9535094;359
9573100;360
9610285;361
9651466;362
9694826;363
9735606;364
9778600;365
9823722;366
9872398;367
9913031;368
9957445;369
9999567;370
10041678;371
10083017;372
10122947;373
10163709;374
10206737;375
10251073;376
10297715;377
10346669;378
10394816;379
10430723;380
10470428;381
10518460;382
10560574;383
10608307;384
10654068;385
10701847;386
10749977;387
10797310;388
10839359;389
10881384;390
10923579;391
10962607;392
11002550;393
11045442;394
11083235;395
11124689;396
11166260;397
11203999;398
11242676;399
11280085;400
11313842;401
11355507;402
11394390;403
11438516;404
11471499;405
11510229;406
11544327;407
11579561;408
11614168;409
11657045;410
11694326;411
11717073;412
11748313;413
11772834;414
11806362;415
11834212;416
11868826;417
11907801;418
11941733;419
11974576;420
12010433;421
12046103;422
12082510;423
12118946;424
12153751;425
12178835;426
12203402;427
12236656;428
12269138;429
12302077;430
12340017;431
12370228;432
12397479;433
12423333;434
12448140;435
12474106;436
12500608;437
12527748;438
12556882;439
12591246;440
12620108;441
12652876;442
12682694;443
12714514;444
12748978;445
12780815;446
12814095;447
12845477;448
12875605;449
12903518;450
12932249;451
12966789;452
13001385;453
13036090;454
13071493;455
13107802;456
13138818;457
13167119;458
13191927;459
13228223;460
13262811;461
13297743;462
13337843;463
13375800;464
13412643;465
13448298;466
13484117;467
13519407;468
13555288;469
13589665;470
13613416;471
13646373;472
13682960;473
13717281;474
13753967;475
13792723;476
13828418;477
13867377;478
13906710;479
13945985;480
13984101;481
14018771;482
14050637;483
14078284;484
14117521;485
14159900;486
14200056;487
14230362;488
14266877;489
14299908;490
14337313;491
14364970;492
14382402;493
14402564;494
14433245;495
14466611;496
14504551;497
14539216;498
14575394;499
14613411;500
14647472;501
14684144;502
14716926;503
14747272;504
14781181;505
14806383;506
14835298;507
14865045;508
14888574;509
14913419;510
14944708;511
14969351;512
14997291;513
15024176;514
15050821;515
15081769;516
15117424;517
15155059;518
15188994;519
15219351;520
15266538;521
15307187;522
15332014;523
15365241;524
15405973;525
15434059;526
15463870;527
15497476;528
15529746;529
15563987;530
15589939;531
15623723;532
15664327;533
15697828;534
15736436;535
15771646;536
15798477;537
15826805;538
15858683;539
15891105;540
15918508;541
15955217;542
15998597;543
16036692;544
16070428;545
16116452;546
16172962;547
16205202;548
16225163;549
16250084;550
16288430;551
16310486;552
16330239;553
16355961;554
16379403;555
16396784;556
16414334;557
16429192;558
16447668;559
16466824;560
16483358;561
16502112;562
16518306;563
16536761;564
16554726;565
16577955;566
16602530;567
16627589;568
16649658;569
16688902;570
16729203;571
16770003;572
16804055;573
16841012;574
16880566;575
16917057;576
16957765;577
16993253;578
17031028;579
17076572;580
17121554;581
17155127;582
17197671;583
17238367;584
17276699;585
17320528;586
17359512;587
17399495;588
17441742;589
17482787;590
17525772;591
17569965;592
17606724;593
17644567;594
17684226;595
17722109;596
17762933;597
17803135;598
17844528;599
17882351;600
17918091;601
17956900;602
17994990;603
18029273;604
18064291;605
18102950;606
18143140;607
18180418;608
18218309;609
18261131;610
18303681;611
18337372;612
18379380;613
18411820;614
18442521;615
18474534;616
18506510;617
18537107;618
18568862;619
18599284;620
18629416;621
18658705;622
18687582;623
18719488;624
18750576;625
18779972;626
18806722;627
18841973;628
18875921;629
18905079;630
18931454;631
18963399;632
18994079;633
19018699;634
19039818;635
19076710;636
19109381;637
19144757;638
19181998;639
19222382;640
19262864;641
19302686;642
19343314;643
19382411;644
19416469;645
19457253;646
19494059;647
19525412;648
19556989;649
19588689;650
19616819;651
19648074;652
19671056;653
19698043;654
19718634;655
19747297;656
19778414;657
19818364;658
19847708;659
19880903;660
19914891;661
19942805;662
19976355;663
20014053;664
20048898;665
20090586;666
20129244;667
20167209;668
20205756;669
20242581;670
20295356;671
20340835;672
20389237;673
20444531;674
20495078;675
20536247;676
20573850;677
20610658;678
20647400;679
20680739;680
20715108;681
20750774;682
20781992;683
20818144;684
20852580;685
20884588;686
20917027;687
20948686;688
20982246;689
21013133;690
21044508;691
21084971;692
21122497;693
21155425;694
21191034;695
21229377;696
21263736;697
21301107;698
21337292;699
21370549;700
21406916;701
21441440;702
21475329;703
21511167;704
21539335;705
21571290;706
21607327;707
21648069;708
21674029;709
21712687;710
21746382;711
21781342;712
21817367;713
21844389;714
21876464;715
21908115;716
21943498;717
21982863;718
22018429;719
22052452;720
22086263;721
22120974;722
22153977;723
22185169;724
22216708;725
22244497;726
22271171;727
22300978;728
22334439;729
22368746;730
22400199;731
22431334;732
22455237;733
22487991;734
22518338;735
22549918;736
22580225;737
22617532;738
22650919;739
22683309;740
22717832;741
22751998;742
22787602;743
22821208;744
22855001;745
22891319;746
22928268;747
22969823;748
23002230;749
23037555;750
23084770;751
23116754;752
23147051;753
23178845;754
23207417;755
23237506;756
23267306;757
23290134;758
23319200;759
23334402;760
23348686;761
23364465;762
23380337;763
23412075;764
23440547;765
23468659;766
23498122;767
23526198;768
23553519;769
23579401;770
23604542;771
23630435;772
23657683;773
23688028;774
23719632;775
23751270;776
23782165;777
23808606;778
23838360;779
23870106;780
23901192;781
23930948;782
23961137;783
23988393;784
24011312;785
24042497;786
24071589;787
24098607;788
24127795;789
24156047;790
24185726;791
24217758;792
24250600;793
24292160;794
24325322;795
24357175;796
24392041;797
24424386;798
24460342;799
24492564;800
24525463;801
24557272;802
24592234;803
24625684;804
24660064;805
24696469;806
24728410;807
24762746;808
24798666;809
24841308;810
24879514;811
24915236;812
24949659;813
24985117;814
25020982;815
25057914;816
25092684;817
25127890;818
25160399;819
25193804;820
25225610;821
25257182;822
25292232;823
25330374;824
25367508;825
25404547;826
25440978;827
25474014;828
25507056;829
25539987;830
25566561;831
25598647;832
25628372;833
25653069;834
25680643;835
25715788;836
25749688;837
25784114;838
25820390;839
25855707;840
25892794;841
25927187;842
25962945;843
25999227;844
26036796;845
26071490;846
26107619;847
26144931;848
26183119;849
26216942;850
26256679;851
26289951;852
26326466;853
26362423;854
26400131;855
26440487;856
26476337;857
26518726;858
26555186;859
26592218;860
26629538;861
26674889;862
26714334;863
26750553;864
26787681;865
26822816;866
26853600;867
26889941;868
26925295;869
26962711;870
26996261;871
27018537;872
27043068;873
27062351;874
27091790;875
27121904;876
27159206;877
27197820;878
27241448;879
27282595;880
27314222;881
27352652;882
27386931;883
27420143;884
27449342;885
27485050;886
27518463;887
27532173;888
27552253;889
27583982;890
27614330;891
27642300;892
27671305;893
27701297;894
27734785;895
27765948;896
27803069;897
27827717;898
27850504;899
27885052;900
27918946;901
27950455;902
27981197;903
28012128;904
28043118;905
28073581;906
28105549;907
28137191;908
28167697;909
28198416;910
28230261;911
28265284;912
28296609;913
28327280;914
28357405;915
28383833;916
28409652;917
28433492;918
28451799;919
28468691;920
28487179;921
28507615;922
28528703;923
28554310;924
28575596;925
28597082;926
28618144;927
28645420;928
28684183;929
28723157;930
28759388;931
28796296;932
28827262;933
28857854;934
28888117;935
28921032;936
28954266;937
28989475;938
29027481;939
29072433;940
29128880;941
29168537;942
29214846;943
29255247;944
29299302;945
29341204;946
29381483;947
29413303;948
29446556;949
29484829;950
29510441;951
29549310;952
29577956;953
29607204;954
29640259;955
29671947;956
29699325;957
29724930;958
29752250;959
29781074;960
29810577;961
29831647;962
29849675;963
29868325;964
29886630;965
29906337;966
29925948;967
29949843;968
29978108;969
29998216;970
30033529;971
30072578;972
30104678;973
30146268;974
30179055;975
30221074;976
30252704;977
30290399;978
30327636;979
30380179;980
30428473;981
30474144;982
